540  1.001  0.020833 
620  0.957554  0.0132286 
700  0.924196  0.00799127 
780  0.905961  0.00510882 
860  0.87399  0.00303718 
940  0.865749  0.00478576 
1020  0.857066  0.00645778 
1100  0.842841  0.00899322 
1180  0.84204  0.00951144 
1260  0.841304  0.0110889 
1340  0.829482  0.0124231 
1420  0.837168  0.0117938 
1500  0.825143  0.0139224 
1580  0.83186  0.0139246 
1660  0.802779  0.0187897 
1740  0.827837  0.0155248 
1820  0.812097  0.0175976 
1900  0.791152  0.0216784 
1980  0.858488  0.0125135 
2060  0.833257  0.0160021 
2140  0.828488  0.0182102 
2220  0.829335  0.018735 
2300  0.825384  0.0194335 
2380  0.827648  0.0195488 
2460  0.824653  0.020651 
2540  0.795792  0.0253603 
2620  0.810538  0.02372 
2700  0.83143  0.0207323 
2780  0.814788  0.0246786 
2860  0.830054  0.0213 
2940  0.80189  0.0270756 
